2.47357512100371
0.617209910199957
-0.77944640610467
3.09298316951024
2.5408260996859
0.0541066880987403
0.935041174519577
0.137691339947345
3.60067025752427
2.94516777575913
1.22472082879617
0.151501325286599
0.860064537550268
-1.32492613734932
-1.4082211730741
1.60366033423938
1.27300569856609
2.55291929883307
2.41855087544923
3.38451718891371
-2.21142142935644
-1.44167934224598
2.81498017773996
2.76945617568864
2.5402686120181
-0.46120265932615
1.9657141623948
2.74892249348424
1.16688030384822
3.25338557516014
3.3104651865091
2.97802669778119
0.0236710901405401
